268,325,3
3

271,297,3
3

238,313,3
3

265,325,3
3

257,295,3
3

271,290,3
3

277,339,3
3

274,323,3
3

284,329,3
3

242,346,3
3

288,315,3
3

252,313,3
3

275,306,3
3

252,315,3
3

261,345,3
3

280,323,3
3

280,322,3
3

246,339,3
3

248,323,3
3

271,291,3
3

258,295,3
3

272,346,3
3

250,252,3
3

284,320,3
3

266,330,3
3

271,280,3
3

272,297,3
3

272,291,3
3

254,299,3
3

251,281,3
3

251,284,3
3

257,280,3
3

271,285,3
3

276,322,3
3

272,329,3
3

243,337,3
3

285,323,3
3

299,300,3
3

271,323,3
3

271,322,3
3

249,254,3
3

265,311,3
3

265,313,3
3

252,308,3
3

251,309,3
3

277,304,3
3

254,330,3
3

252,304,3
3

257,322,3
3

297,323,3
3

297,322,3
3

280,332,3
3

236,248,3
3

236,322,3
3

248,332,3
3

297,324,3
3

239,271,3
3

239,272,3
3

239,277,3
3

239,276,3
3

281,309,3
3

232,280,3
3

232,285,3
3

302,330,3
3

290,342,3
3

246,340,3
3

252,334,3
3

266,302,3
3

244,282,3
3

252,332,3
3

284,309,3
3

271,331,3
3

271,332,3
3

252,338,3
3

254,346,3
3

239,265,3
3

239,261,3
3

239,344,3
3

260,322,3
3

280,315,3
3

285,345,3
3

277,315,3
3

245,259,3
3

236,315,3
3

236,314,3
3

252,297,3
3

236,318,3
3

236,252,3
3

265,271,3
3

242,266,3
3

236,257,3
3

232,291,3
3

258,272,3
3

238,252,3
3

258,291,3
3

232,298,3
3

249,315,3
3

280,329,3
3

277,285,3
3

252,322,3
3

285,342,3
3

251,320,3
3

252,324,3
3

252,325,3
3

263,296,3
3

252,280,3
3

238,324,3
3

238,325,3
3

252,285,3
3

243,310,3
3

243,312,3
3

242,254,3
3

257,304,3
3

301,324,3
3

302,346,3
3

271,325,3
3

285,332,3
3

265,331,3
3

261,318,3
3

277,323,3
3

277,322,3
3

277,325,3
3

248,252,3
3

236,304,3
3

275,328,3
3

272,320,3
3

236,303,3
3

248,311,3
3

300,320,3
3

261,342,3
3

246,285,3
3

249,304,3
3

273,275,3
3

290,323,3
3

277,334,3
3

249,302,3
3

254,302,3
3

277,332,3
3

299,330,3
3

269,329,3
3

236,272,3
3

285,304,3
3

236,271,3
3

236,276,3
3

261,268,3
3

254,266,3
3

261,265,3
3

232,322,3
3

242,249,3
3

234,239,3
3

242,322,3
3

273,306,3
3

271,272,3
3

239,325,3
3

257,315,3
3

239,323,3
3

239,322,3
3

257,258,3
3

262,312,3
3

271,304,3
3

239,280,3
3

238,239,3
3

285,303,3
3

239,285,3
3

299,302,3
3

238,342,3
3

281,320,3
3

252,345,3
3

272,304,3
3

303,315,33
252,342,3
3

249,330,3
3

291,332,3
3

252,261,3
3

261,271,3
3

252,265,3
3

236,280,3
3

265,298,3
3

277,324,3
3

239,338,3
3

250,322,3
3

248,277,3
3

246,304,3
3

277,342,3
3

271,313,3
3

246,308,3
3

242,330,3
3

258,323,3
3

242,302,3
3

280,290,3
3

271,314,3
3

252,291,3
3

291,315,3
3

271,318,3
3

280,304,3
3

261,313,3
3

249,266,3
3

265,342,3
3

281,284,3
3

277,311,3
3

238,265,3
3

233,256,3
3

238,261,3
3

261,314,3
3

277,290,3
3

277,291,3
3

252,271,3
3

252,272,3
3

236,297,3
3

285,313,3
3

272,277,3
3

252,277,3
3

249,299,3
3

246,315,3
3

291,339,3
3

280,297,3
3

273,328,3
3

239,303,3
3

248,265,3
3

239,304,3
3

280,291,3
3

277,294,3
3

291,329,3
3

261,285,3
3

274,341,3
3

259,264,3
3

302,315,3
3

266,346,3
3

277,308,3
3

285,315,3
3

248,291,3
3

271,342,3
3

277,280,3
3

272,280,3
3

238,271,3
3

299,346,3
3

242,299,3
3

257,344,3
3

300,346,3
3

257,272,3
3

268,271,3
3

239,313,3
3

232,276,3
3

290,322,3
3

232,271,3
3

285,322,3
3

271,315,3
3

260,339,3
3

249,346,3
3

271,298,3
3

271,277,3
3

271,276,3
3

239,252,3
3

246,322,3
3

272,285,3
3

261,297,3
3

239,295,3
3

272,281,3
3

261,325,3
3

